(437.9678368560283, 951.5546493130323)
(0.0, 0.0)
(453.25825201869924, 913.7016732555409)
(471.99967448298315, 904.9763873726064)
(469.3021770263448, 907.3013806641563)
(759.6628683523248, 869.4956525217374)
(800.9979975050063, 863.9978400054001)
(800.9959950200249, 863.9956800215998)
(657.5355001363816, 941.9086708988026)
(788.4921150788491, 858.9914100858991)
(1178.0586823390363, 862.2136698473787)
(840.9978975052563, 849.4978762553094)
(778.3984432031136, 854.2982914034172)
(0.0, 0.0)
(1440.895533146764, 957.7914671267777)
(0.0, 0.0)
(1120.0621864179209, 837.7299824134035)
(1252.9979116701472, 842.8319286134524)
(1444.328518904937, 835.9972133426222)
(777.997406675311, 829.9972333425555)
(789.8852629227069, 832.6185718370065)
(789.7833845685672, 833.2147060219145)
(1259.2468518828705, 838.9979025052438)
(825.1652913911811, 830.6930599560111)
(788.3175669819937, 825.3168269967935)
(1209.7380524339576, 827.3685317736331)
(1137.6221559446103, 825.8729353176618)
(894.2657724008942, 823.1991768008232)
(1180.6627311242296, 821.4972616757944)
(1228.9938550307247, 819.9959000204999)
(0.0, 0.0)
(0.0, 0.0)
(1217.1626094579685, 815.6639477868407)
(1167.9941600291997, 817.9959100204499)
(858.4152359746067, 819.4430787059799)
(1162.8294572351426, 814.6639511201629)
(1154.415223647637, 814.8531481002316)
(0.0, 0.0)
(1176.756505978934, 812.1053223284948)
(1175.99706000735, 811.4979712550719)
(1166.4961116796278, 809.9973000089999)
(1141.4643837378992, 813.6317060699213)
(0.0, 0.0)
(1194.1101160193477, 812.5826561811199)
(1192.9980116699805, 810.9986483355862)
(885.1488148398978, 809.3327751727986)
(885.4987350018072, 809.4988435730806)
(898.2162341139947, 807.8835029988688)
(1325.4356082070562, 804.5501918876096)
(0.0, 0.0)
(1245.9283496199348, 801.063462412817)
(896.6641047692243, 801.9500896664103)
(1331.9866801331987, 796.4920350796491)
(781.6804796981335, 796.0427860497513)
(781.6265314197669, 795.7833775097519)
(1119.4944025279874, 793.4960325198374)
(1057.141346940933, 796.6417190832585)
(1165.99417002915, 793.9960300198499)
(861.3070297638233, 802.0634855921905)
(776.2635616124202, 798.9301376127828)
(712.9964350178249, 794.0793629365186)
(1163.6620120186185, 790.6635040126505)
(855.3491446508554, 800.0491999508001)
(0.0, 0.0)
(540.9945900540994, 789.6587700789657)
(1251.7283264200275, 789.3968424126303)
(0.0, 0.0)
(1128.310767117991, 789.3175469823937)
(888.6637044543185, 790.3306988976703)
(715.7218814022787, 798.6583498452302)
(729.9981750045625, 796.4980087549782)
(0.0, 0.0)
(0.0, 0.0)
(829.063350413265, 783.8635312125417)
(820.4958975205124, 783.9127471029311)
(0.0, 0.0)
(518.5520985415652, 783.1058904051749)
(1203.8868824107515, 784.443137039216)
(838.7458062709686, 782.4127546028936)
(778.4635528124553, 782.4635368125194)
(1471.212414139461, 783.4392215163009)
(1276.4852156637708, 792.5116012642031)
(900.5297312144083, 782.1968712125151)
(0.0, 0.0)
(558.9944100558994, 780.9921900780992)
(0.0, 0.0)
(0.0, 0.0)
(0.0, 0.0)
(0.0, 0.0)
(791.9986800022, 779.4987008354987)
(816.6167144284349, 774.7596911627871)
(1246.8805763517132, 777.4392615160342)
(0.0, 0.0)
(0.0, 0.0)
(777.997406675311, 772.4974250085833)
(0.0, 0.0)
(845.9915400845991, 773.4922650773492)
(836.772199296449, 771.9948533676442)
(719.3159473507193, 773.2825600507733)
(719.3717026999576, 773.2147766100667)
(759.7490503136871, 777.7490278137153)
(694.7425209089422, 769.9475334140511)
(1075.311155861055, 768.6032059126593)
(0.0, 0.0)
(1197.8848959392358, 766.9974433418555)
(719.3304560115092, 765.8636032122538)
(1176.2936823103357, 764.7020043659163)
(730.5304112116885, 766.3302680122613)
(692.9965350173248, 762.4961875190623)
(1139.2436407463188, 778.321150599589)
(765.5727208751566, 760.8127246831535)
(765.7545345495095, 760.7767634087598)
(1073.3226001073322, 759.6590700759658)
(751.4129096021186, 761.3295266856998)
(1183.9013793293923, 758.093072115032)
(1160.5204937509702, 755.1883185095661)
(1134.371214465238, 768.9206640149051)
(738.4963075184623, 750.9962450187749)
(706.2399560296784, 756.7398999186297)
(928.1402053136991, 752.0454703462751)
(1213.3292889023703, 748.5530603786875)
(1209.6424738171902, 747.651713632394)
(1074.2101681027245, 753.210751738027)
(943.497641255897, 746.9981325046688)
(701.5305272112245, 745.2636856119242)
(1259.1453500473701, 745.9983422259062)
(804.6505736551936, 742.3184869635941)
(1194.2023768121737, 746.0362081079169)
(744.9816719491173, 750.4378065566948)
(1064.578010443281, 742.7462862685686)
(1069.6452737611914, 748.651693632794)
(734.0796629350185, 740.6629633518498)
(1175.6773501075745, 744.8040840431604)
(800.2845710220414, 742.7132246953934)
(716.7464162679187, 735.9963200183998)
(1199.3311527312376, 733.2410910768041)
(804.2735635997291, 737.2736424231658)
(0.0, 0.0)
(734.0971755719503, 731.4893355027425)
(1273.6615720203786, 729.2637496116681)
(940.4327589780064, 837.8602503632383)
(787.9960600196998, 821.9958900205498)
(782.9960850195748, 819.9959000204999)
(911.58181403031, 742.6098734279886)
(1052.6489473510526, 735.4992645007355)
(724.4741205501317, 723.8074557882214)
(1084.1705851330169, 749.4950903630142)
(837.6264655374915, 726.0775771636347)
(791.9990100012375, 725.2490934386333)
(936.9657297009369, 730.6992693007307)
(774.4961275193624, 719.0797379346436)
(962.771359302049, 715.773005957738)
(1465.7321607476047, 713.7460956697901)
(1465.6257267148312, 713.7834739802266)
(0.0, 0.0)
(1059.489405105949, 719.9928000719992)
(954.5961816152735, 710.3304920113652)
(873.8552642704674, 764.960856124159)
(807.1820853400935, 714.691554204445)
(933.165333573333, 718.9513538790183)
(1523.4847651523485, 699.9930000699992)
(1273.7416301410817, 699.716872230453)
(969.8824230060687, 698.4397881791898)
(458.7129751057854, 702.0456132030098)
(654.9967250163749, 695.0798579340436)
(644.4993555006445, 692.1326412006921)
(951.4628608152233, 700.2638656112041)
(936.3239700936323, 686.9931300686993)
(1158.315179834116, 693.3417403464524)
(814.9918500814991, 683.9931600683992)
(0.0, 0.0)
(824.3168469963935, 678.3197669379946)
(638.7113664623245, 680.9005328465588)
(636.9990900013, 679.8085526544486)
(589.9941000589994, 676.3265700676326)
(827.6501136643934, 675.6531536035947)
(1337.5466385779648, 673.7732859558713)
(818.7100194977518, 679.1990944012075)
(663.5827803476831, 673.5966608916715)
(663.7546705493281, 673.7768794086053)
(831.7300064133076, 670.7306504107316)
(536.3226068811957, 670.6532536015947)
(1328.9867101328987, 668.3266500668326)
(1309.2343545685108, 670.0933235428851)
(785.2992147007853, 676.7993232006768)
(597.406079838341, 669.2948089744986)
(1362.2799554667351, 668.4348690745604)
(616.4984587538531, 671.1233221916946)
(1385.2465368836579, 666.9983325041688)
(0.0, 0.0)
(661.2178141034615, 664.7733459554713)
(578.3951103394454, 667.769998620835)
(578.4985537536156, 667.998330004175)
(0.0, 0.0)
(1335.9279896213748, 664.130676810626)
(942.8301905660314, 670.6644311185629)
(832.4916750832491, 663.4933650663493)
(677.3197869375946, 662.3200869315947)
(624.5344619995296, 697.9997091667879)
(449.1633525169739, 677.7670398363372)
(451.4995485004515, 681.4993185006815)
(0.0, 0.0)
(1348.6396938727892, 660.6534535975948)
(1322.4724119835846, 662.3314409577877)
(668.9244394271717, 662.7392679868119)
(0.0, 0.0)
(1407.6901420151662, 662.1271864709952)
(1366.5464452459203, 660.5511518812096)
(681.7465912670436, 660.4966975165124)
(0.0, 0.0)
(650.331475243404, 660.4743034067521)
(563.6235909410227, 662.1233446916383)
(1341.6621944593517, 658.4422496369456)
(945.0505550893166, 707.3199687282291)
(674.7483131292172, 656.2900259416018)
(0.0, 0.0)
(1290.996772508069, 660.4983487541282)
(1365.2131208014168, 655.2178541031948)
(623.6635483489249, 656.0800529330686)
(1397.305387225589, 652.3202869275948)
(1379.9862001379986, 650.4934950650493)
(568.4761131325016, 700.3196326095738)
(1372.037933831564, 682.6279425789965)
(1427.1170088804633, 656.7371570421566)
(631.9615586039438, 654.5911379456194)
(1051.7210536432738, 663.3325962971153)
(1467.7679926578267, 648.440121510301)
(1298.9870101298986, 652.4934750652493)
(1406.6385338959888, 645.6537535915949)
(569.6214627269385, 647.4658033789289)
(570.9971450142749, 646.9967650161749)
(1421.1260187804837, 645.9733651691818)
(699.0797203681119, 659.5197361921055)
(668.5986628026744, 649.16536833593)
(626.2180474352392, 644.7734792879158)
(561.9971900140499, 643.9134470994311)
(602.3331256322555, 645.8675933789907)
(600.9996661112966, 645.4996413890881)
(1492.9596452748624, 643.9244949826037)
(1423.4928825355873, 641.9967900160499)
(574.9971250143749, 641.9967900160499)
(0.0, 0.0)
(542.9508296642962, 640.664836195706)
(1417.2931467559702, 639.8504299620075)
(1368.823120537066, 640.5958169166839)
(610.2484743788141, 638.4984037539907)
(608.9969550152249, 637.9968100159499)
(622.7736259536047, 637.5513052135208)
(0.0, 0.0)
(557.8555489841458, 637.6172258555451)
(523.7312384083797, 636.2641216101802)
(1333.5903029134986, 655.0527325517883)
(1272.2110491495964, 646.3074437279063)
(0.0, 0.0)
(1488.7970224059552, 634.7987304025393)
(0.0, 0.0)
(635.5644617234472, 638.7589043932012)
(1412.6384138983888, 630.654053585595)
(843.5112355761695, 652.2400067100743)
(592.9970350148249, 631.9968400157999)
(533.6648877837074, 633.4978883403721)
(0.0, 0.0)
(1333.9866601333986, 629.4937050629493)
(907.0121228111875, 733.2173847045758)
(571.3742857821428, 636.7700373707866)
(518.161485051816, 629.9937000629993)
(1494.5273552239123, 631.8641392101098)
(1443.338674851927, 633.6196607182476)
(1424.9987045466323, 635.9994218187074)
(606.9939300606993, 627.6603900627659)
(624.9078987843069, 663.1553378541507)
(628.2057509151579, 673.6977710814879)
(650.4990707156132, 666.4990478585031)
(541.9981933393556, 629.553457044032)
(494.49876375309066, 627.8734303164242)
(0.0, 0.0)
(0.0, 0.0)
(585.6649933381142, 624.7601197329911)
(542.8655809355048, 624.498751002498)
(542.9986425033937, 624.4984387539032)
(0.0, 0.0)
(858.3923786805235, 628.3927968615815)
(857.9957100214499, 628.9968550157249)
(561.298463472324, 624.1604890847201)
(561.6267902429919, 624.2149519039781)
(532.1889556506028, 623.5220280323008)
(1492.3258717039746, 623.2468837655812)
(1486.996282509294, 619.8317837538739)
(1431.1657125561917, 623.8440285484254)
(1346.8973062053876, 627.2654121358423)
(1335.4099896167183, 618.1635758487873)
(1000.7711059704045, 637.2179741023948)
(705.3322482067975, 626.2810877726855)
(1444.8761608312227, 617.7867555392323)
(1273.3122274758107, 625.0188725268166)
(1468.9926550367247, 613.9969300153499)
(779.4922050779492, 613.9938600613993)
(602.7309224096437, 615.2642056098441)
(1376.7550725665346, 615.8473651260028)
(846.8305105649648, 616.331278895737)
(1465.164224726292, 617.4989708350487)
(549.774112617027, 614.2181274347059)
(438.12041553863844, 638.8776262831037)
(646.9244883159519, 611.55419654623)
(1486.1772007530244, 613.511876648395)
(1440.2463993840017, 610.9984725038188)
(1377.8738517717902, 619.8189279286712)
(1359.7278944217555, 610.2642256097641)
(0.0, 0.0)
(625.8605895606198, 614.693932199501)
(733.0879114383403, 624.8213891270367)
(689.3652879360908, 613.9321054691225)
(580.0853828083527, 616.3806001634665)
(527.090429917791, 614.9539864054669)
(1378.9862101378985, 606.4939350606494)
(797.026449400362, 614.9434195387453)
(0.0, 0.0)
(1307.9956400145334, 604.8868725993135)
(1273.9978766702056, 610.1656497239171)
(623.9937600623994, 604.4939550604494)
(1467.2869325063123, 607.5769676751542)
(692.9930700692993, 602.660640060266)
(770.6931599558445, 603.9156601405665)
(1424.1776321654424, 609.4260731351598)
(1341.127968821458, 603.9309176096629)
(973.3309000060833, 629.0817606289318)
(1468.3284389052037, 601.4979950066833)
(1320.3069271947895, 598.3213669059952)
(1316.7280664210675, 599.7309344095956)
(1036.7940742609685, 639.4995080773015)
(831.4713419175587, 649.9713861858407)
(506.80332532942117, 608.685558409147)
(0.0, 0.0)
(864.3148796685477, 609.7888318012297)
(642.2864097521027, 600.526426456096)
(639.2748064277046, 598.8400589796588)
(1213.5761596762316, 600.7103101640308)
(610.8991405412048, 622.3708343254713)
(527.3323745471978, 600.4534537209933)
(1283.4978608368988, 597.5823373627711)
(561.1235971910071, 598.2485043787391)
(1387.4930625346872, 596.2470187649061)
(1377.5619832379746, 597.5631832361283)
(0.0, 0.0)
(1413.6619544601517, 592.4980250065832)
(638.4968075159624, 593.9970300148499)
(998.9558359437435, 597.748505628736)
(678.462209116064, 596.9993366674038)
(1324.4977925036792, 592.7490120849799)
(1405.4265636763378, 592.5705820420256)
(425.0779312808652, 600.5483130804159)
(1321.6547166707874, 611.99978896559)
(1288.885777779192, 602.0906354133475)
(868.0970179250769, 595.2542016617235)
(775.6303983592392, 596.6305262162907)
(710.639932348822, 588.0503773583938)
(581.8135218958773, 591.5912779453083)
(694.1658953712274, 591.0178618320053)
(651.9934800651993, 585.4941450585494)
(1394.754081517207, 592.2055339967447)
(639.2641096102282, 583.7309984093397)
(495.38627035765035, 591.3461935897118)
(1374.1894946265513, 587.3329138098235)
(1292.0427217208153, 587.5769943417853)
(668.0340220455021, 584.7237346732865)
(673.9966300168498, 587.9970600146999)
(1329.3317694136044, 584.5091162637848)
(559.7490670848882, 591.1101259275679)
(1379.3057472183891, 583.3216668999953)
(875.7719392981824, 579.4405815072344)
(870.3289816884247, 586.7470662646687)
(685.6151209172612, 595.711309341804)
(632.2274046729074, 584.1397359932604)
(783.7751651938937, 578.8314038953204)
(635.6645477848407, 578.1647394508685)
(629.9968500157499, 574.580460431031)
(551.6284037887323, 586.5912890563947)
(758.697690129184, 581.8407157072548)
(739.9975333415555, 574.8314172286092)
(687.7066140667981, 582.5402103161409)
(1304.3311594480676, 576.7768164830836)
(1426.704766571417, 582.873542816143)
(878.5649095368476, 586.1988276023449)
(982.2058778186388, 583.1235421911446)
(1336.3066072011893, 574.6551735631954)
(1413.80762642952, 575.4830455918105)
(1409.9929500352498, 570.9971450142749)
(1408.9929550352247, 569.9971500142499)
(877.2163741130614, 569.2184274327059)
(777.1640761197463, 569.8314338952204)
(543.6653075033979, 571.6235709410727)
(999.4950025249874, 566.4138345974936)
(1364.306047212389, 565.3220268927954)
(1428.329252392612, 566.2364774195883)
(698.1727747951135, 572.9995416003667)
(692.9965350173248, 566.9971650141749)
(919.0810356307443, 565.2485868785328)
(0.0, 0.0)
(527.998944002112, 569.3655279356108)
(877.2163741130614, 564.218460765817)
(706.1866172667285, 569.6034546623483)
(643.8940590588852, 565.1748436756031)
(521.6562335419958, 567.6553135603955)
(1381.6784243499299, 573.3585333139487)
(1231.460059925455, 574.2643680797835)
(1007.2449637751811, 615.3302566820498)
(720.6473474288732, 568.7215903093442)
(0.0, 0.0)
(665.5448495046822, 564.8782743530838)
(666.4983337541656, 565.9985850035375)
(1347.4439160350655, 619.0324369807437)
(954.4385707426985, 628.2553461371068)
(965.9951700241498, 608.9969550152249)
(966.9951650241749, 607.9969600151999)
(879.4912050879491, 558.9944100558994)
(740.8115739855325, 562.4367969540039)
(0.0, 0.0)
(713.4982162544594, 563.4985912535219)
(643.3204669239948, 556.6555335559956)
(545.1954370249761, 562.7052203467996)
(530.9995172731661, 558.0449472318662)
(1452.115019504695, 568.3802513593711)
(1449.6257455383386, 567.7836457447305)
(1450.950987532974, 564.448279594565)
(1447.9927600361998, 558.997205013975)
(877.9956100219499, 554.4972275138624)
(657.1501136665933, 561.7845837948921)
(414.60188305254854, 563.8813566356839)
(759.1804378537494, 550.6959684315725)
(1477.5216987785257, 554.165875001131)
(1282.0731523314257, 587.2449253201199)
(0.0, 0.0)
(731.196304973056, 560.6055509646505)
(731.498171254572, 556.9986075034813)
(1053.1273950302088, 650.6148841423968)
(791.6994722003519, 549.7774112595035)
(1319.051265606845, 555.8367899984637)
(1249.3654173012494, 548.4327849005484)
(1004.8769608297682, 617.8776644648525)
(774.8395945821292, 617.3684710188837)
(643.5911623900096, 544.7395302084514)
(1017.9983033361611, 541.9990966681722)
(1018.4974537563658, 541.9986450033875)
(635.4984112539719, 547.7486306284235)
(492.9323474686384, 545.0322432688469)
(803.4390881838564, 540.774172616627)
(736.2173141067948, 541.5519452092541)
(1328.8487117090606, 573.2843680065287)
(754.1727299951493, 542.2128995630137)
(753.3016606636472, 541.6959847951791)
(731.7598140195789, 540.3794084397854)
(0.0, 0.0)
(869.1833086092124, 566.424896718462)
(844.3164470043932, 538.3225668819956)
(521.6651761947346, 543.6651133377713)
(807.2945023085134, 537.8876935829032)
(1259.0583168636663, 536.6959938860717)
(808.4390548507453, 532.7742259496048)
(776.504228159624, 539.7380251422477)
(782.9960850195748, 538.9973050134749)
(775.9058502725042, 539.8118735364318)
(885.312683945862, 552.313075710107)
(883.9977900055251, 550.4986237534407)
(736.5703763280338, 532.1897159194534)
(737.4981562546094, 531.9986700033251)
(1370.243148784256, 534.4973275133624)
(1265.4873451265487, 530.9946900530995)
(987.1641987561699, 540.9986475033813)
(626.1740068184062, 535.824886515981)
(1370.7953388436465, 551.0030406912501)
(1384.9965375086563, 529.4986762533094)
(779.9961000194999, 529.5806854299061)
(1261.1528760362492, 547.8457324263596)
(845.438808185723, 530.2186874309726)
(0.0, 0.0)
(639.2533594412449, 534.2852054426615)
(1304.0768129492685, 528.4973575132124)
(764.8863392677579, 533.6648877837074)
(1436.8315372939117, 530.4993368758289)
(814.3292616870248, 530.0806829299186)
(0.0, 0.0)
(808.4979787550532, 526.6236834407914)
(1001.4949925250373, 533.4973325133374)
(774.4974183419389, 526.164912783624)
(1272.9872701272986, 522.4947750522495)
(754.710943397568, 533.7887702691621)
(755.0561779314323, 534.2408612592221)
(1478.883959275691, 531.3315622281259)
(1246.4984418769477, 526.9785079435317)
(885.2061203180325, 529.9986750033125)
(530.7903396908174, 523.2486918782704)
(0.0, 0.0)
(1441.6886609043718, 534.2984820930009)
(534.5519918756096, 526.5520452085874)
(1276.30780717719, 517.3229868735958)
(773.4961325193374, 518.9974050129749)
(0.0, 0.0)
(621.4514931645335, 522.3563966337191)
(0.0, 0.0)
(1012.646413738392, 511.32310687119593)
(0.0, 0.0)
(477.4976125119374, 511.74744126279364)
(522.8602396773783, 520.8880207421877)
(1270.3451766575565, 520.4611381068169)
(781.4960925195373, 510.9974450127749)
(756.7462162689186, 509.4974525127374)
(1280.6410538455898, 507.65651353639595)
(627.0152758584674, 516.5391905975962)
(403.23780721109006, 528.0353371176163)
(1260.3570353481507, 510.0761383444026)
(774.1627958526874, 508.4141245960436)
(819.3169469943934, 505.323226868796)
(497.2646776079562, 505.73131040809164)
(793.0127609100284, 519.1174434833555)
(788.9980275049313, 515.4987112532219)
(913.4891213853474, 530.0385921114603)
(884.6622433554498, 514.9974250128749)
(876.8813213160926, 516.2935102429292)
(1481.909257120381, 510.9974450127749)
(1283.4871651283486, 501.99498005019944)
(1202.912051453846, 605.7828987765195)
(985.2627256157641, 501.73132640802766)
(751.1883299381049, 501.80809007212355)
(818.4633928130953, 500.53133120800845)
(615.1467811553011, 505.73961687492545)
(891.6488336899929, 496.32340686519603)
(819.3306022313259, 493.9983533388222)
(764.3302760122292, 493.93135760790284)
(974.7015377002865, 505.70257992019276)
(633.353374974948, 514.1451906518449)
(619.4395044483964, 500.2529331309868)
(544.4253210089025, 492.07352732571036)
(1272.1974556050889, 487.69902460195084)
(777.832777738492, 494.0472661567146)
(778.9988871444469, 494.4992935724378)
(521.2645816083401, 485.33139200776526)
(842.9840821356828, 520.9692233613121)
(825.9917400825991, 484.4951550484495)
(0.0, 0.0)
(391.60980574509193, 492.49835833880553)
(823.3604249774236, 504.9162459031284)
(0.0, 0.0)
(1283.5156662614825, 479.8878224715057)
(1188.7285784190194, 478.73141840765965)
(826.0189130696489, 530.6728728181258)
(1489.4546096968093, 477.12380719048207)
(0.0, 0.0)
(753.7462312688436, 466.6643333449999)
(759.9924000759992, 463.4953650463495)
(1188.0238132966974, 474.2813216184795)
(824.4314880754408, 557.5674882216136)
(770.8489650436784, 462.11798142925926)
(770.2147801394743, 462.3720050525431)
(1300.2634710826635, 476.5284069919032)
(756.78977469223, 460.74884812787974)
(838.2194281574616, 453.10960074577525)
(497.19900560198886, 452.59909480181045)
(1490.8789496958907, 456.1080703906418)
(1266.128268820258, 446.59821360714557)
(1017.0208661944006, 449.1327344896874)
(839.4947583839476, 460.2092608328033)
(841.9985966690056, 455.9992400012667)
(916.8885671736022, 463.64311217200736)
(1198.6649542881605, 451.6660214294932)
(577.2458426059852, 473.72159086312143)
(1321.4044709530276, 450.628628232678)
(896.6491033508967, 446.2995537004463)
(853.896122211094, 452.7428932160617)
(854.9957250213748, 446.9977650111749)
(0.0, 0.0)
(1328.3006152110027, 435.7870864477216)
(1327.9933600331997, 435.99782001089994)
(1314.5278652613351, 446.9798662981965)
(512.7849817357404, 437.9993742866082)
(759.0950054991354, 477.77156954778496)
(771.4520135942793, 477.4997726191559)
(751.4996584092462, 474.13614811993267)
(748.9981275046813, 468.49882875292815)
(747.6956102504056, 466.30218248088033)
(743.4989378586603, 457.99934571522044)
(0.0, 0.0)
(504.49495505044945, 433.99566004339954)
(0.0, 0.0)
(598.7125751069283, 437.2368459899638)
(911.7440253991858, 434.4112536338193)
(1341.4865851341485, 423.9957600423995)
(492.39469699158246, 431.5058532055408)
(0.0, 0.0)
(1396.1621509594622, 446.1707217906528)
(1328.2543667881537, 419.7942259576011)
(993.8586029558566, 423.4381507668588)
(1333.602499663542, 420.62447421940726)
(1213.2618136194121, 414.73167440663565)
(0.0, 0.0)
(994.3316761138732, 415.1381969918939)
(502.53920393091687, 418.58690293310826)
(897.728044506611, 418.4786435683622)
(1204.0699773313268, 414.4946982860414)
(1200.4969987575032, 413.9989650025875)
(1003.3148026275901, 409.6141087221876)
(1002.6763691069895, 409.81840069602623)
(1309.9967250081877, 404.9989875025313)
(883.6531664206412, 413.96122002983077)
(1339.61522014699, 406.47502911896436)
(1307.9978200036335, 402.16599639000606)
(1247.6616760199624, 399.7317344063957)
(381.5148046835109, 454.66625333370905)
(0.0, 0.0)
(1289.9871001289987, 400.99599004009957)
(596.5900291985989, 412.8748279688217)
(493.6559414650366, 399.8955833985937)
(494.49950550049454, 400.999599000401)
(1210.5899023928096, 393.25838535173625)
(1393.9965150087125, 393.99901500246256)
(1155.4873482390913, 386.62170672661324)
(1155.9942200289, 385.99807000964995)
(0.0, 0.0)
(1227.3087871575901, 383.65899348679693)
(1241.307707682626, 393.30802768250527)
(1234.4987655012346, 392.49960750039253)
(1219.0305850502364, 390.5234375967261)
(1376.233675019206, 387.74464186904873)
(1210.4939475302624, 381.2480937595312)
(882.1802142177924, 381.30233702605386)
(1036.197927604145, 378.6325760681812)
(0.0, 0.0)
(1006.9899301006989, 375.66291003756623)
(881.2631416141002, 466.1314688074581)
(1214.7284744194355, 377.2651576060362)
(1496.646485207609, 431.9624830046485)
(709.540779740692, 380.1036915370522)
(1045.6631811227296, 374.1654194486018)
(1204.3092471483903, 367.65931348039703)
(0.0, 0.0)
(1220.7380279895674, 371.18436033105115)
(0.0, 0.0)
(1028.9214939669325, 375.5122428016777)
(1207.0441703499894, 365.37990843835684)
(1236.8719078202305, 368.8740778148055)
(1186.769865978671, 364.21979409026153)
(1054.8883479205053, 377.9656181372898)
(0.0, 0.0)
(1046.3494768252617, 363.8914847209243)
(1046.4635382403299, 364.0949780273966)
(849.608279083514, 445.6651811160629)
(1157.7381129343532, 370.8376373850609)
(1151.9884801151989, 355.49644503554964)
(0.0, 0.0)
(1187.9182768009314, 358.4862927101121)
(1166.7170512432938, 354.42280429015057)
(1166.4983335738093, 354.49949357215206)
(1013.0273556830462, 374.9442882176577)
(1197.589931281634, 351.6288482321891)
(1144.205605492734, 411.87782399467807)
(1285.271253366007, 398.34189560952865)
(1243.1103577108943, 382.2623945884477)
(1241.1456737501276, 378.54636382957557)
(1238.7518889772757, 377.6341649672054)
(1236.452344171458, 375.6663661335738)
(1172.1976556046889, 349.39930120139763)
(1158.7131821779217, 344.72983041603453)
(1158.9971025072439, 344.49913875215316)
(380.5917468331552, 338.48072930208303)
(1309.9275723064338, 438.72788703989335)
(1042.849534408442, 356.25846757377576)
(0.0, 0.0)
(1021.032312301021, 332.76633390033277)
(0.0, 0.0)
(983.7590940216361, 313.23720027466584)
(1036.3763959425833, 316.37735594130316)
(1077.9946100269499, 310.99844500777493)
(1046.2152474539057, 309.44238149523443)
(950.5210937492559, 306.9038850365189)
(888.6953538872353, 309.5751947117672)
(879.4152009746651, 315.2772523156906)
(901.9989977788914, 346.7218369757367)
(878.991210087899, 302.9969700302997)
(1007.3293040161171, 308.6654320049386)
(1000.7860591768621, 298.93885041421134)
(1082.9016678999965, 297.475340546646)
(1151.681696918452, 322.9383621728116)
(1151.8058051166963, 294.06986589136926)
(1000.1237498453128, 292.74963406295745)
(879.3923404987748, 289.93886677781796)
(930.4382415228341, 286.44253482754556)
(931.4953425232874, 279.99860000699994)
(574.5913157230021, 279.59197127710087)
(1083.2114647203243, 283.5149796878911)
(1006.9949650251748, 276.998615006925)
(946.3286016903248, 277.0819479235937)
(1116.644333779991, 278.3277667779978)
(0.0, 0.0)
(709.1648181739555, 373.10811633601594)
(930.8981382037236, 275.6994486011028)
(1128.7707416448334, 280.35058208710655)
(982.9901700982989, 271.4972850271497)
(981.5700263285339, 274.88055969443855)
(968.9951550242248, 271.9986400068)
(1457.0182150372104, 280.38079216335683)
(796.3253700796324, 270.16396502701633)
(809.4959525202373, 268.99865500672496)
(666.4612821302761, 288.2691198964923)
(0.0, 0.0)
(1437.9964050089877, 268.49932875167815)
(868.2982634034732, 273.999452001096)
(952.4144018501459, 271.2722915596037)
(951.3563913369386, 271.20458320307023)
(828.4416829721678, 265.27689352146604)
(704.6480922236963, 327.67854542233766)
(1241.4219852933602, 263.78739917442573)
(0.0, 0.0)
(1373.4954216819276, 269.66576778077405)
(434.03230860212585, 271.2519002023251)
(1420.123224845969, 260.85384059936587)
(1337.3915077730162, 256.9692297529156)
(0.0, 0.0)
(1314.8489299653409, 255.22165506298876)
(1003.9899601003989, 252.49747502524974)
(1170.910812112606, 252.49873750631247)
(1395.87624992197, 250.78742281074642)
(885.2491147508853, 252.6330807002526)
(911.993920040533, 253.77608593720484)
(1323.346675350717, 245.40558370528953)
(878.6346417032884, 269.15335370793)
(458.3119271100911, 245.1038602868413)
(1344.5876749933204, 242.64065234771434)
(869.2432854533972, 239.11079229672137)
(898.9502843394008, 267.073975157787)
(0.0, 0.0)
(707.9243527606976, 235.48095819046327)
(1355.497289005422, 233.9661987342692)
(0.0, 0.0)
(474.2217705824407, 230.25374896468352)
(499.7487506281235, 224.24943937640157)
(891.9986276944189, 221.28171084864996)
(891.997770005575, 221.4994462513844)
(0.0, 0.0)
(1293.2133619904557, 222.79745990657625)
(1252.5202308945784, 220.9041307501026)
(0.0, 0.0)
(706.9130566076124, 225.5800798172248)
(865.4913450865491, 211.33122002113308)
(692.7305624110836, 211.7324864033877)
(1246.9488182414716, 212.18986993370493)
(876.8060945900759, 231.77168585436576)
(690.9992322230753, 216.88864790150234)
(926.1863422670722, 213.333066667)
(1227.6617560196426, 207.9325016033269)
(699.1617842368734, 218.81970153890006)
(1063.4430265204091, 206.17750287444062)
(1209.5386428200595, 204.58282187627864)
(685.9370712893304, 205.37487164070524)
(513.0729339119987, 199.07363168822587)
(0.0, 0.0)
(605.9939400605994, 194.9980500194998)
(1019.1959232163072, 197.7325424031637)
(995.6274171242583, 196.07363835487772)
(701.9503753798798, 197.38038843698538)
(1090.785895540796, 197.6057013229673)
(928.6806870436131, 196.59042002178472)
(928.4787798005084, 196.37491817711742)
(1065.1093359288845, 194.16634305609492)
(1104.3005355867915, 195.06330628891465)
(1104.9944750276247, 192.99903500482498)
(938.7129446957933, 192.28543959222915)
(837.4916250837491, 186.9981300186998)
(1135.4269493900724, 193.80924693917103)
(1020.1764175425544, 188.82197045959492)
(1032.5738801687028, 186.15117669483024)
(1056.540345991234, 188.41643114612774)
(1076.5096757648769, 187.91086056329704)
(1055.4624448168872, 184.93259360295892)
(926.990730092699, 181.4981850181498)
(0.0, 0.0)
(1018.1779207519168, 182.74330860003806)
(590.1757762637926, 179.5292005538817)
(928.7558871105082, 184.12087735598058)
(1028.997942004116, 174.499651000698)
(0.0, 0.0)
(1008.4051665070374, 173.92553942472722)
(1009.396659438467, 185.6408828403465)
(634.0641304101449, 169.26598960270823)
(1079.3117470983914, 167.32998673359864)
(1040.3125270827918, 177.32978673759857)
(604.7564762003464, 168.75726892617772)
(1093.4890651093488, 173.99826001739982)
(975.490245097549, 163.99836001639983)
(0.0, 0.0)
(0.0, 0.0)
(1086.2741568639215, 181.94383796498454)
(0.0, 0.0)
(0.0, 0.0)
(0.0, 0.0)
(0.0, 0.0)
(1056.4149059751567, 169.91638347269424)
(1050.0496665902565, 170.9740959372883)
(1038.7163506927939, 173.10229779133672)
(1010.2626256161641, 162.1326848025941)
(0.0, 0.0)
(1022.1292448163539, 163.9326776026229)
(609.4969525152374, 156.99921500392497)
(740.7597883053667, 158.1900242189784)
(1153.4884651153488, 169.99830001699982)
(0.0, 0.0)
(632.9984175039563, 154.99961250096877)
(632.9968350158249, 154.99922500387498)
(0.0, 0.0)
(1015.6658202784831, 156.41653631955307)
(1015.6099826555749, 156.55538160513154)
(940.7899385962255, 166.3903811102584)
(936.9953150234248, 169.99915000424997)
(1148.3452705036382, 171.23063751489423)
(1147.9971300071752, 171.4995712510719)
(1148.9971275071814, 169.49957625105938)
(0.0, 0.0)
(0.0, 0.0)
(0.0, 0.0)
(0.0, 0.0)
(737.0592659528497, 154.69668843026346)
(1143.4406329756678, 153.99948666837776)
(1081.244593777031, 160.16586583733746)
(1065.6453537595914, 154.66357339519877)
(0.0, 0.0)
(991.7711659700045, 149.776779265916)
(971.3236200971322, 151.99848001519985)
(0.0, 0.0)
(1071.3723215691962, 165.41625312603387)
(1070.9946450267748, 164.99917500412496)
(1010.659928933807, 150.55455185854314)
(0.0, 0.0)
(0.0, 0.0)
(843.3902229492716, 156.4251794768877)
(743.9962800185999, 150.4992475037625)
(1059.6454737571914, 157.66351339639874)
(1015.8285542805708, 171.87382742148807)
(0.0, 0.0)
(1050.4947475262622, 154.49922750386247)
(915.4954225228873, 151.49924250378749)
(872.9986569251432, 178.48690489194118)
(874.9970833430555, 147.66617444608517)
(630.1194959044033, 144.81321748275934)
(629.9991000012858, 144.49979357172347)
(1165.99417002915, 145.99927000364997)
(0.0, 0.0)
(1019.9949000254999, 143.49928250358747)
(0.0, 0.0)
(605.2642456096842, 142.86609520228583)
(1039.666089074395, 157.6202828035466)
(1032.9974175064563, 165.4995862510344)
(1000.6466537335921, 140.66385338959887)
(996.990030099699, 139.33194001393318)
(0.0, 0.0)
(0.0, 0.0)
(1025.126628010316, 146.28182623308786)
(0.0, 0.0)
(598.4940150598494, 147.99852001479985)
(1122.062178417953, 141.7327664022677)
(940.3239300940322, 136.99863001369985)
(857.776634075599, 140.02203552617485)
(553.4063690878774, 158.95524578327337)
(1157.6633590570693, 144.23768313042913)
(1012.3764279425405, 142.11092162988226)
(871.6374361598287, 140.36087717631582)
(841.9915800841991, 135.99864001359987)
(1082.9492868115615, 135.19008993307637)
(1082.994585027075, 134.999325003375)
(1135.8295472348425, 140.99953000156665)
(1070.8978582042837, 142.3997152005696)
(1042.9727544008906, 142.10234548357104)
(925.3483250650872, 140.01573966754952)
(1159.128696818546, 135.06612640216105)
(1096.7024851453868, 137.90725417712497)
(1095.9972600068502, 137.49965625085937)
(0.0, 0.0)
(935.490645093549, 131.99868001319987)
(916.5211908918354, 137.61865442289212)
(1160.662797790674, 133.1662227792574)
(0.0, 0.0)
(0.0, 0.0)
(1061.8818096768243, 136.22131408012834)
(0.0, 0.0)
(0.0, 0.0)
(1032.4546759131504, 140.04050269175602)
(1026.9974325064188, 153.49961625095938)
(1033.4990604553996, 134.99987727283886)
(1034.998275002875, 130.99978166703056)
(901.7297264144275, 139.3327760022293)
(1112.644413778391, 130.66405338559895)
(0.0, 0.0)
(0.0, 0.0)
(1000.4516663440478, 148.3570368878308)
(1001.9949900250498, 145.99927000364997)
(0.0, 0.0)
(0.0, 0.0)
(0.0, 0.0)
(1011.0937936755328, 129.80933836761184)
(1010.9974725063188, 128.49967875080313)
(988.490115098849, 123.99876001239987)
(934.490655093449, 126.99873001269987)
(0.0, 0.0)
(897.9974342930449, 127.33296952484896)
(604.1070837305529, 124.1102837092197)
(1068.5290592170963, 124.06617040198503)
(1001.5488785630317, 131.55467852436539)
(906.7717326328934, 122.776959264716)
(1151.9942400287998, 123.49938250308747)
(1058.7447062764686, 129.49935250323747)
(1012.3130870715919, 120.33092671479905)
(1087.770525974271, 122.22140741283945)
(1056.7708174342272, 135.75424306570903)
(923.4413663065567, 123.66625444581851)
(1127.7968134784664, 126.24990982149299)
(1128.38763512485, 126.55541493842784)
(1111.2622216177801, 119.66618800191463)
(900.956080943131, 128.79134468830495)
(735.3149178477921, 132.25218076458697)
(1066.9791368872898, 128.19592761263416)
(1044.5520737153097, 126.99957666807776)
(954.6614715159386, 142.0631097884177)
(967.99758000605, 139.4996512508719)
(957.9990420009581, 120.999879000121)
(958.9952050239749, 117.99941000294999)
(0.0, 0.0)
(821.0722494690752, 123.9256505355914)
(0.0, 0.0)
(1082.0929330615236, 144.32898558498022)
(1083.4303298409034, 147.1874693359439)
(1074.9982083363195, 132.99977833370278)
(1018.9149684750527, 122.55535129663673)
(0.0, 0.0)
(0.0, 0.0)
(0.0, 0.0)
(0.0, 0.0)
(1030.3127270787918, 122.66421338239903)
(946.3910434615175, 122.09789557110325)
(716.1642794524018, 117.27738685315492)
(1024.5823087510246, 132.23320110013222)
(1024.6951066149577, 130.3027933888605)
(0.0, 0.0)
(843.2301441479967, 128.1176093771737)
(1103.4889651103488, 112.99887001129989)
(895.6775432108897, 120.16083667068735)
(895.4987207161133, 119.99982857167348)
(1084.7907626743645, 125.722117453791)
(0.0, 0.0)
(1041.4140631315088, 118.83303625074271)
(1031.489685103149, 111.49888501114988)
(1008.9949550252248, 112.49943750281248)
(977.2688343972803, 130.89763785421556)
(976.220920594328, 126.7553865483735)
(980.9975475061314, 118.49970375074064)
(978.9975525061188, 118.49970375074064)
(985.9975350061626, 117.49970625073439)
(901.9954900225498, 119.99940000299998)
(810.5542046318811, 117.02758273180656)
(0.0, 0.0)
(0.0, 0.0)
(1107.520645179109, 119.80918149757666)
(938.1857226358494, 125.54894575552208)
(939.9984333359445, 120.99979833366945)
(1022.4115546088935, 113.49943250283748)
(1153.8578865507757, 117.53528230184911)
(0.0, 0.0)
(990.1960392158431, 113.93287760182291)
(0.0, 0.0)
(1058.8298039006536, 108.33297222342593)
(1034.997412506469, 108.49972875067813)
(1034.997412506469, 108.49972875067813)
(1023.3128670759918, 106.66453337599914)
(946.4976337559157, 111.74972062569844)
(1143.4406329756678, 113.49962166792777)
(1136.3990908807273, 119.38657115740973)
(0.0, 0.0)
(969.680151522159, 119.92356114296064)
(968.9975775060564, 123.49969125077189)
(855.8684362844502, 114.78563229597694)
(1119.92444003778, 118.43327411669627)
(1124.9943750281248, 129.99935000325)
(981.3294080157011, 107.93290160172691)
(803.4919650803491, 103.99896001039988)
(1128.4887151128487, 102.99897001029989)
(1087.7694736214912, 112.1873597658003)
(0.0, 0.0)
(1143.496188346039, 100.99966333445555)
(900.4909950900491, 102.99897001029989)
(1020.6462537415919, 99.33134670639922)
(0.0, 0.0)
(0.0, 0.0)
(995.1237560953049, 103.54153723974511)
(993.9975150062126, 101.49974625063439)
(1045.6856594005924, 102.90190025378416)
(1041.9982633362279, 95.99984000026667)
(961.3566365435364, 108.4509548742851)
(954.9952250238748, 111.99944000279999)
(961.3641637801614, 109.79354622836867)
(962.9951850240749, 106.99946500267498)
(791.9301656126709, 94.99962000151999)
(1063.489365106349, 98.99901000989989)
(1121.0543099396557, 102.37025662564078)
(1047.8819030095353, 94.11048370788639)
(990.1659050005859, 94.38454278112094)
(991.3012279371612, 92.30286247964398)
(1080.7383390999871, 98.4071887247658)
(949.2628696151882, 92.26629760147625)
(936.3146070411925, 90.66485336959927)
(0.0, 0.0)
(653.9028936107801, 93.66639904838367)
(1126.2348774241595, 91.33307238169795)
(1034.697930604139, 96.6331400670532)
(1094.8465509423734, 103.15312527393009)
(1098.9972525068688, 99.49975125062188)
(1028.9872427531893, 100.17497495625625)
(1029.7927483473281, 100.97697667460574)
(990.0339678379834, 147.60327599037961)
(993.9950300248498, 174.99912500437497)
(979.373925365874, 165.19877244487515)
(987.780927967176, 144.10334889424215)
(1011.9974700063251, 99.49975125062188)
(1012.9987337515829, 96.49987937515078)
(984.0404366161209, 93.1665502084789)
(867.5479989631384, 95.19596643611791)
(1080.4891951080488, 85.99914000859991)
(954.990450095499, 87.33246000873324)
(1132.7288024181235, 87.26631760139625)
(640.9935900640993, 83.33250000833324)
(0.0, 0.0)
(1067.3429279719749, 94.30390307766606)
(1067.7124919858998, 91.94356145326313)
(1112.4207389945702, 85.5776636742262)
(950.2476243809391, 84.24978937552657)
(0.0, 0.0)
(918.9296576147027, 81.73300640130772)
(1096.7704659746712, 80.2216874109728)
(643.9935600643993, 77.49922500774991)
(1118.7288584178996, 79.26634960126826)
(1116.4981391697681, 81.24986458355903)
(648.4967575162124, 75.49962250188749)
(1069.71470869418, 82.26341432362979)
(1068.72994713081, 84.49993500005)
(1069.99465002675, 79.999600002)
(1106.5481785676984, 73.77728592920491)
(0.0, 0.0)
(0.0, 0.0)
(0.0, 0.0)
(968.3236500968322, 70.99929000709993)
(926.771599300449, 70.44397481794564)
(1112.994435027825, 70.4996475017625)
(1104.6355110717157, 86.65290309562134)
(1109.9944500277497, 90.99954500227498)
(1106.1555586527759, 87.72911183597176)
(0.0, 0.0)
(938.8653913834652, 98.63678647658114)
(1094.4890551094488, 73.99926000739993)
(1083.8768171936658, 68.96957157047594)
(0.0, 0.0)
(1053.755659838194, 81.33318545481433)
(941.5898854486587, 76.1180238397123)
(1123.2471918820204, 67.49983125042188)
(1080.3117270987914, 65.33202669279947)
(1080.2660493717813, 80.01900189390368)
(1083.9945800270998, 84.99957500212498)
(1082.9986462516922, 82.49989687512891)
(0.0, 0.0)
(1060.578030443181, 73.99963000185)
(1041.26250161666, 65.73307040105172)
(1036.4896351036489, 64.49935500644993)
(752.7462362688186, 66.99966500167498)
(1146.1139852875335, 124.96293982167781)
(1069.3778970155322, 63.7141036739895)
(993.7951810641564, 77.9092906652435)
(978.9951050244748, 83.99958000209999)
(969.9991181826199, 80.99992636370331)
(1001.9949900250498, 75.99962000189998)
(990.3568335191251, 79.15601714099047)
(1017.7541985499574, 73.22212459272276)
(997.798956353665, 76.55018235738576)
(0.0, 0.0)
(1006.0120724375521, 74.5609665169553)
(931.7715659673379, 63.77735259542713)
(895.9977600056001, 64.99983750040626)
(747.9925200747992, 62.6660400062666)
(934.0786629400185, 65.49967250163749)
(1074.994625026875, 62.49968750156249)
(0.0, 0.0)
(985.4950725246373, 68.58299041838123)
(1078.4892151078488, 62.999370006299934)
(1099.6180003638092, 65.57136612250845)
(1081.4891851081488, 60.99939000609994)
(1069.1457722686541, 59.51838625543795)
(1068.9973275066814, 59.49985125037188)
(951.5428580250617, 62.75431990773343)
(0.0, 0.0)
(1019.4949025254873, 58.749706251468744)
(1036.6459337479916, 56.33220668919955)
(1034.329196016549, 59.33309600094932)
(949.3143470463924, 60.66545335759952)
(918.4513166286075, 74.47847059834281)
(1004.4949775251123, 54.99972500137499)
(1085.9963800120665, 59.99980000066666)
(999.2450037749811, 54.99972500137499)
(993.6225159437103, 61.54151281288464)
(960.2406783502818, 57.42413801671876)
(770.0676254632587, 83.77505412871747)
(1005.609435095386, 57.36101550941859)
(964.0405974126558, 76.23389137992115)
(959.9952000239998, 81.99959000204998)
(958.220944594296, 76.75545321495127)
(966.3140070531923, 52.332286687599584)
(945.3144270447924, 54.332246688399565)
(640.1008926658905, 60.07241153123635)
(1031.3230201031322, 50.99949000509994)
(1017.4966083446388, 51.99982666724444)
(1090.7006062800635, 55.03502978768794)
(0.0, 0.0)
(1101.0376145864504, 53.7050868935229)
(1077.4973062567344, 52.999867500331256)
(1035.3229801035322, 48.999510004899946)
(1021.7709659713378, 48.77745259476047)
(1008.2474793813017, 49.62487593781016)
(1000.7711059704045, 44.888589631624676)
(952.9897652766869, 49.60695036608446)
(964.3012770279811, 45.30294793403406)
(961.6952211602039, 45.30294793403406)
(644.9935500644993, 43.99956000439995)
(1019.0269285886706, 45.402739942161155)
(1019.497451256372, 44.999887500281254)
(967.3737907827616, 46.99994125007344)
(715.1654747242088, 45.41659097234838)
(975.3034997360872, 48.02894374294746)
(980.6181136970346, 46.66662222226455)
(980.9950950245249, 49.99975000124999)
(979.9951000244998, 47.999760001199995)
(1014.5301126937437, 41.09873498859136)
(1014.4024409798866, 41.40346518933489)
(634.8867725996469, 38.888759259691355)
(0.0, 0.0)
(785.5545081495446, 39.22216992599565)
(643.3204669239948, 36.665933347999704)
(631.7308064101077, 33.06653440052906)
(0.0, 0.0)
(0.0, 0.0)
(971.8059945901811, 37.12276794094603)
(926.7765420757216, 35.511063763026094)
(1004.2449787751061, 31.249843750781245)
(1075.9877636865997, 39.701122045203185)
(639.773512621027, 30.88868296433579)
(623.5547241492567, 24.755522548192157)
(720.106310402375, 19.333204445303696)
(677.749152813559, 22.374972031284962)
(630.0384744645398, 17.254881660923537)
(588.9080901122238, 92.79658061969181)
(609.7461788697236, 110.14657854940383)
(906.6828071642777, 71.66841227605735)
(910.2292573131558, 127.36772825214143)
(918.9954050229749, 99.99950000249999)
(925.8525926512592, 86.25326433072186)
(927.9953600231999, 83.99958000209999)
(928.9953550232249, 82.99958500207498)
(926.9953650231748, 82.99958500207498)
(927.9976800058, 81.49979625050938)
(874.3079943397572, 81.69129751261913)
(885.4977862555345, 73.9998150004625)
(887.4977812555469, 72.99981750045626)
(908.5924916378713, 47.81851320535038)
(703.9807636595194, 31.26548395880673)
(705.9494191385838, 41.78614775365493)
(0.0, 0.0)
(652.1102416307889, 8.222211259273877)
(614.054873272363, 4.999994444450618)
